                                [49m [38;5;235;49m▄[38;5;237;48;5;0m▄[38;5;58;48;5;0m▄[38;5;64;48;5;235m▄[38;5;64;48;5;234m▄[38;5;64;48;5;235m▄[38;5;64;48;5;232m▄[38;5;58;48;5;0m▄[38;5;0;49m▄▄[38;5;233;48;5;0m▄[38;5;58;48;5;0m▄[38;5;64;48;5;235m▄▄[38;5;64;48;5;234m▄[38;5;106;48;5;0m▄[38;5;64;48;5;0m▄[38;5;235;49m▄[49m [m
                                [49m [38;5;0;48;5;235m▄[38;5;58;48;5;64m▄[38;5;106;48;5;58m▄[38;5;106;48;5;233m▄[38;5;232;48;5;64m▄[38;5;237;48;5;106m▄[38;5;70;48;5;106m▄[48;5;106m [38;5;237;48;5;233m▄[38;5;234;48;5;0m▄[38;5;106;48;5;64m▄[48;5;106m [38;5;58;48;5;106m▄[38;5;232;48;5;106m▄[38;5;106;48;5;58m▄[38;5;106;48;5;236m▄[38;5;64;48;5;70m▄[38;5;232;48;5;237m▄[49m [m
                                [49m [49;38;5;0m▀[38;5;0;48;5;236m▄[38;5;58;48;5;64m▄[48;5;106m   [38;5;106;48;5;235m▄[38;5;235;48;5;64m▄[38;5;0;48;5;235m▄[38;5;0;48;5;233m▄[38;5;233;48;5;64m▄[38;5;64;48;5;236m▄[38;5;106;48;5;64m▄[48;5;106m  [38;5;58;48;5;106m▄[38;5;234;48;5;237m▄[49;38;5;0m▀[49m [m
▛▀▖         ▌              ▛▀▖▗ [49m   [48;5;0m [38;5;232;48;5;58m▄[38;5;52;48;5;64m▄▄[38;5;232;48;5;236m▄[38;5;52;48;5;0m▄[38;5;125;48;5;0m▄▄[38;5;52;48;5;0m▄[38;5;232;48;5;234m▄[38;5;233;48;5;64m▄▄[38;5;0;48;5;58m▄[49;38;5;234m▀[49m   [m
▙▄▘▝▀▖▞▀▘▛▀▖▛▀▖▞▀▖▙▀▖▙▀▖▌ ▌▙▄▘▄ [49m  [48;5;0m [38;5;89;48;5;233m▄[38;5;125;48;5;125m▄[38;5;52;48;5;125m▄[38;5;0;48;5;52m▄▄[38;5;52;48;5;125m▄[38;5;125;48;5;125m▄▄[38;5;89;48;5;125m▄[38;5;233;48;5;52m▄[38;5;0;48;5;52m▄[38;5;52;48;5;125m▄[38;5;125;48;5;89m▄[38;5;1;48;5;232m▄[48;5;0m [49m  [m
▌▚ ▞▀▌▝▀▖▙▄▘▌ ▌▛▀ ▌  ▌  ▚▄▌▌  ▐ [49m [38;5;0;49m▄[38;5;232;48;5;0m▄[38;5;0;48;5;89m▄[38;5;232;48;5;233m▄[38;5;89;48;5;232m▄[38;5;125;48;5;1m▄▄[38;5;125;48;5;52m▄[38;5;232;48;5;0m▄[48;5;0m [38;5;89;48;5;233m▄[38;5;125;48;5;52m▄[38;5;125;48;5;89m▄[38;5;125;48;5;233m▄[38;5;52;48;5;233m▄[38;5;0;48;5;125m▄[38;5;233;48;5;0m▄[38;5;0;49m▄[49m [m
▘ ▘▝▀▘▀▀ ▌  ▀▀ ▝▀▘▘  ▘  ▗▄▘▘  ▀▘[48;5;0m [38;5;1;48;5;232m▄[48;5;125m [38;5;233;48;5;233m▄[38;5;125;48;5;52m▄[48;5;125m    [38;5;233;48;5;52m▄[38;5;0;48;5;232m▄[38;5;125;48;5;125m▄[48;5;125m   [38;5;125;48;5;89m▄[48;5;233m [38;5;125;48;5;125m▄[38;5;1;48;5;232m▄[48;5;0m [m
                                [48;5;0m [38;5;125;48;5;125m▄▄[38;5;0;48;5;232m▄[38;5;0;48;5;52m▄[38;5;52;48;5;125m▄[38;5;1;48;5;125m▄[38;5;52;48;5;125m▄[38;5;0;48;5;89m▄[38;5;52;48;5;0m▄[38;5;233;48;5;0m▄[38;5;0;48;5;52m▄[38;5;52;48;5;125m▄[38;5;88;48;5;125m▄[38;5;52;48;5;125m▄[38;5;0;48;5;52m▄[38;5;0;48;5;232m▄[38;5;125;48;5;125m▄[38;5;52;48;5;1m▄[48;5;0m [m
                                [49;38;5;0m▀[38;5;0;48;5;233m▄[38;5;232;48;5;233m▄[38;5;125;48;5;0m▄[38;5;89;48;5;0m▄[38;5;232;48;5;0m▄[48;5;0m [38;5;52;48;5;232m▄[38;5;125;48;5;125m▄[48;5;125m  [38;5;125;48;5;125m▄[38;5;89;48;5;52m▄[48;5;0m [38;5;233;48;5;0m▄[38;5;125;48;5;232m▄[38;5;125;48;5;52m▄[38;5;233;48;5;52m▄[38;5;0;48;5;0m▄[49;38;5;0m▀[m
                                [49m [48;5;0m [38;5;232;48;5;52m▄[48;5;125m   [38;5;52;48;5;232m▄[38;5;233;48;5;52m▄[48;5;125m    [38;5;52;48;5;125m▄[38;5;52;48;5;232m▄[38;5;125;48;5;125m▄[48;5;125m  [38;5;52;48;5;52m▄[48;5;0m [49m [m
                                [49m  [49;38;5;0m▀[38;5;0;48;5;52m▄[38;5;233;48;5;125m▄[38;5;52;48;5;125m▄[38;5;52;48;5;89m▄[48;5;0m [48;5;233m [38;5;52;48;5;1m▄[38;5;52;48;5;52m▄[38;5;233;48;5;233m▄[38;5;0;48;5;232m▄[38;5;52;48;5;89m▄[38;5;52;48;5;125m▄[38;5;233;48;5;125m▄[38;5;0;48;5;52m▄[49;38;5;0m▀[49m  [m
                                [49m    [49;38;5;0m▀▀[48;5;0m [38;5;0;48;5;1m▄[38;5;1;48;5;125m▄[48;5;125m  [38;5;1;48;5;125m▄[38;5;232;48;5;1m▄[48;5;0m [49;38;5;0m▀▀[49m    [m
                                [49m        [49;38;5;0m▀[49;38;5;232m▀▀[49;38;5;0m▀▀[49m       [m
